99,35
10,8
10,302
10,208
10,240
10,16
10,102
10,164
10,2
10,3
11,14
11,7
11,2
11,3
9,6
9,4
9,2
8,16
8,18
8,4
8,7
8,2
8,3
98,7
98,6
98,5
98,4
98,3
98,2
98,1
98,0
96,3
96,2
96,1
96,0
95,4
95,3
95,2
95,1
95,0
94,4
94,3
94,2
94,1
94,0
93,3
93,2
93,1
93,0
20,3
20,2
20,1
19,3
19,2
19,1
12,3
12,2
12,1
11,30
11,29
11,28
11,27
11,26
11,25
11,24
11,23
11,22
11,20
11,19
11,18
11,17
11,16
11,15
11,1
18,1
11,5
10,278
18,3
10,272
10,266
10,244
10,128
14,1
10,116
10,86
10,1
14,3
13,1
10,66
9,1
9,7
13,3
9,3
8,14
8,11
8,8
8,6
8,1
2,2
2,1
8,5
3,3
2,3
3,2
3,1
0,472
0,0
99,34
99,33
